"Name","Activity type","Description"
"To Work-07/23/12 7:28:12","",""

"Segment","Point","Latitude (deg)","Longitude (deg)","Altitude (m)","Bearing (deg)","Accuracy (m)","Speed (m/s)","Time","Power (W)","Cadence (rpm)","Heart rate (bpm)"
"1","1","53.842957","-1.630711","113.5","","","","2012-07-23T06:28:14.000Z","","",""
"1","2","53.842903","-1.630706","113.69999694824219","176.4905242919922","","0.5474","2012-07-23T06:28:25.000Z","","",""
"1","3","53.84281","-1.630655","113.4000015258789","162.0976104736328","","2.7194","2012-07-23T06:28:29.000Z","","",""
"1","4","53.842697","-1.630604","112.9000015258789","164.99961853027344","","2.6042","2012-07-23T06:28:34.000Z","","",""
"1","5","53.842594","-1.630487","112.5","146.08518981933594","","3.4536","2012-07-23T06:28:38.000Z","","",""
"1","6","53.842583","-1.630343","112.30000305175781","97.3701171875","","4.7721","2012-07-23T06:28:40.000Z","","",""
"1","7","53.842625","-1.630222","111.0","59.48609924316406","","4.6034","2012-07-23T06:28:42.000Z","","",""
"1","8","53.842724","-1.630143","109.5999984741211","25.403152465820313","","6.0992","2012-07-23T06:28:44.000Z","","",""
"1","9","53.842834","-1.630036","109.69999694824219","29.770923614501953","","7.0524","2012-07-23T06:28:46.000Z","","",""
"1","10","53.842888","-1.62996","109.80000305175781","40.066566467285156","","7.8536","2012-07-23T06:28:47.000Z","","",""
"1","11","53.842945","-1.629878","109.5999984741211","40.389930725097656","","8.3296","2012-07-23T06:28:48.000Z","","",""
"1","12","53.843002","-1.629798","109.4000015258789","39.410362243652344","","8.2113","2012-07-23T06:28:49.000Z","","",""
"1","13","53.843075","-1.629694","108.80000305175781","40.16897964477539","","3.5443","2012-07-23T06:28:52.000Z","","",""
"1","14","53.843037","-1.629509","106.4000015258789","109.0961685180664","","4.3093","2012-07-23T06:28:55.000Z","","",""
"1","15","53.842937","-1.629342","104.19999694824219","135.35704040527344","","7.8216","2012-07-23T06:28:57.000Z","","",""
"1","16","53.84288","-1.629252","103.19999694824219","136.99342346191406","","8.6755","2012-07-23T06:28:58.000Z","","",""
"1","17","53.842823","-1.629154","102.19999694824219","134.58209228515625","","9.0382","2012-07-23T06:28:59.000Z","","",""
"1","18","53.84276","-1.629051","101.30000305175781","136.104248046875","","9.7308","2012-07-23T06:29:00.000Z","","",""
"1","19","53.8427","-1.628946","100.4000015258789","133.93492126464844","","9.6249","2012-07-23T06:29:01.000Z","","",""
"1","20","53.84264","-1.628836","99.5","132.76416015625","","9.8355","2012-07-23T06:29:02.000Z","","",""
"1","21","53.842583","-1.628727","98.69999694824219","131.27684020996094","","9.6168","2012-07-23T06:29:03.000Z","","",""
"1","22","53.84253","-1.628625","98.0","131.3031768798828","","8.9373","2012-07-23T06:29:04.000Z","","",""
"1","23","53.842476","-1.628514","97.30000305175781","129.51724243164063","","9.4456","2012-07-23T06:29:05.000Z","","",""
"1","24","53.842422","-1.628401","96.69999694824219","128.8657684326172","","9.5782","2012-07-23T06:29:06.000Z","","",""
"1","25","53.84237","-1.628292","96.0","128.9438018798828","","9.2079","2012-07-23T06:29:07.000Z","","",""
"1","26","53.84232","-1.628181","95.5","127.4203872680664","","9.1583","2012-07-23T06:29:08.000Z","","",""
"1","27","53.84227","-1.628054","95.19999694824219","123.6107406616211","","10.0535","2012-07-23T06:29:09.000Z","","",""
"1","28","53.842216","-1.627929","94.5999984741211","126.21279907226563","","10.1734","2012-07-23T06:29:10.000Z","","",""
"1","29","53.842175","-1.627816","94.0","121.37232208251953","","8.7657","2012-07-23T06:29:11.000Z","","",""
"1","30","53.842133","-1.627699","93.0","121.3227767944336","","8.9922","2012-07-23T06:29:12.000Z","","",""
"1","31","53.842094","-1.627592","92.5","121.69396209716797","","8.2621","2012-07-23T06:29:13.000Z","","",""
"1","32","53.84206","-1.627487","92.4000015258789","118.61044311523438","","7.9028","2012-07-23T06:29:14.000Z","","",""
"1","33","53.84203","-1.627379","92.4000015258789","115.20015716552734","","7.8422","2012-07-23T06:29:15.000Z","","",""
"1","34","53.841995","-1.627259","92.4000015258789","116.34664154052734","","8.7777","2012-07-23T06:29:16.000Z","","",""
"1","35","53.84197","-1.62715","92.80000305175781","111.09156799316406","","7.7323","2012-07-23T06:29:17.000Z","","",""
"1","36","53.841946","-1.627035","93.4000015258789","109.46842956542969","","8.0148","2012-07-23T06:29:18.000Z","","",""
"1","37","53.84192","-1.626929","93.69999694824219","112.43094635009766","","7.5841","2012-07-23T06:29:19.000Z","","",""
"1","38","53.841896","-1.626817","93.80000305175781","109.93365478515625","","7.8351","2012-07-23T06:29:20.000Z","","",""
"1","39","53.84187","-1.626709","93.9000015258789","112.24268341064453","","7.645","2012-07-23T06:29:21.000Z","","",""
"1","40","53.84184","-1.6266","94.19999694824219","114.9164047241211","","7.9257","2012-07-23T06:29:22.000Z","","",""
"1","41","53.841812","-1.626498","94.4000015258789","114.85639190673828","","7.414","2012-07-23T06:29:23.000Z","","",""
"1","42","53.84179","-1.626398","94.19999694824219","110.51799011230469","","6.9861","2012-07-23T06:29:24.000Z","","",""
"1","43","53.841763","-1.626296","94.30000305175781","114.02930450439453","","7.38","2012-07-23T06:29:25.000Z","","",""
"1","44","53.84171","-1.626095","94.0999984741211","114.00884246826172","","7.2491","2012-07-23T06:29:27.000Z","","",""
"1","45","53.841652","-1.625875","93.9000015258789","114.0748519897461","","7.9125","2012-07-23T06:29:29.000Z","","",""
"1","46","53.84161","-1.62568","94.0999984741211","110.00171661376953","","6.8333","2012-07-23T06:29:31.000Z","","",""
"1","47","53.841564","-1.62549","95.0999984741211","112.29458618164063","","6.7479","2012-07-23T06:29:33.000Z","","",""
"1","48","53.841507","-1.625287","94.5","115.3864974975586","","7.399","2012-07-23T06:29:35.000Z","","",""
"1","49","53.84145","-1.625117","94.19999694824219","119.49302673339844","","6.4432","2012-07-23T06:29:37.000Z","","",""
"1","50","53.84141","-1.62502","93.9000015258789","124.91468048095703","","7.7785","2012-07-23T06:29:38.000Z","","",""
"1","51","53.84137","-1.624925","93.5","125.30697631835938","","7.7031","2012-07-23T06:29:39.000Z","","",""
"1","52","53.841328","-1.62483","93.5","126.80876922607422","","7.8022","2012-07-23T06:29:40.000Z","","",""
"1","53","53.84128","-1.624734","93.30000305175781","130.27139282226563","","8.2649","2012-07-23T06:29:41.000Z","","",""
"1","54","53.84118","-1.624518","93.9000015258789","128.01564025878906","","9.0361","2012-07-23T06:29:43.000Z","","",""
"1","55","53.841125","-1.624415","94.80000305175781","132.2451934814453","","9.1054","2012-07-23T06:29:44.000Z","","",""
"1","56","53.84107","-1.624311","95.9000015258789","131.8582000732422","","9.1738","2012-07-23T06:29:45.000Z","","",""
"1","57","53.840946","-1.624108","98.0999984741211","135.841064453125","","9.6189","2012-07-23T06:29:47.000Z","","",""
"1","58","53.840878","-1.624","98.5999984741211","136.819091796875","","10.3793","2012-07-23T06:29:48.000Z","","",""
"1","59","53.840813","-1.623893","98.80000305175781","135.84793090820313","","10.0832","2012-07-23T06:29:49.000Z","","",""
"1","60","53.840744","-1.623787","99.19999694824219","137.66258239746094","","10.3895","2012-07-23T06:29:50.000Z","","",""
"1","61","53.840668","-1.623681","99.5999984741211","140.45521545410156","","10.9696","2012-07-23T06:29:51.000Z","","",""
"1","62","53.8406","-1.623573","99.69999694824219","136.7924041748047","","10.3838","2012-07-23T06:29:52.000Z","","",""
"1","63","53.84053","-1.62347","99.19999694824219","139.16258239746094","","10.298","2012-07-23T06:29:53.000Z","","",""
"1","64","53.84046","-1.623376","98.5","141.4250946044922","","9.9657","2012-07-23T06:29:54.000Z","","",""
"1","65","53.840393","-1.623284","97.80000305175781","140.98092651367188","","9.5983","2012-07-23T06:29:55.000Z","","",""
"1","66","53.840324","-1.623193","97.19999694824219","141.98504638671875","","9.7478","2012-07-23T06:29:56.000Z","","",""
"1","67","53.840256","-1.623101","96.80000305175781","141.24354553222656","","9.7056","2012-07-23T06:29:57.000Z","","",""
"1","68","53.84019","-1.623017","96.69999694824219","143.12887573242188","","9.1826","2012-07-23T06:29:58.000Z","","",""
"1","69","53.840122","-1.622921","96.5","140.0517120361328","","9.8725","2012-07-23T06:29:59.000Z","","",""
"1","70","53.840057","-1.62283","96.4000015258789","140.59254455566406","","9.3634","2012-07-23T06:30:00.000Z","","",""
"1","71","53.839993","-1.622738","96.4000015258789","139.38462829589844","","9.384","2012-07-23T06:30:01.000Z","","",""
"1","72","53.839924","-1.622628","96.30000305175781","136.8672332763672","","10.5236","2012-07-23T06:30:02.000Z","","",""
"1","73","53.839855","-1.622512","96.4000015258789","135.1641387939453","","10.8299","2012-07-23T06:30:03.000Z","","",""
"1","74","53.83979","-1.622384","95.80000305175781","130.56163024902344","","11.1256","2012-07-23T06:30:04.000Z","","",""
"1","75","53.83972","-1.622258","95.19999694824219","133.32217407226563","","11.3557","2012-07-23T06:30:05.000Z","","",""
"1","76","53.83965","-1.622129","94.5999984741211","132.4919891357422","","11.5341","2012-07-23T06:30:06.000Z","","",""
"1","77","53.83958","-1.622","93.9000015258789","132.53616333007813","","11.5244","2012-07-23T06:30:07.000Z","","",""
"1","78","53.83951","-1.621868","92.9000015258789","131.8590850830078","","11.6756","2012-07-23T06:30:08.000Z","","",""
"1","79","53.839443","-1.621751","92.5999984741211","134.12445068359375","","10.711","2012-07-23T06:30:09.000Z","","",""
"1","80","53.83938","-1.621647","92.0999984741211","135.46644592285156","","9.8367","2012-07-23T06:30:10.000Z","","",""
"1","81","53.839306","-1.621532","92.0999984741211","137.4876708984375","","11.1735","2012-07-23T06:30:11.000Z","","",""
"1","82","53.839245","-1.621436","91.80000305175781","137.02325439453125","","9.2798","2012-07-23T06:30:12.000Z","","",""
"1","83","53.839176","-1.621336","91.19999694824219","139.48326110839844","","10.1022","2012-07-23T06:30:13.000Z","","",""
"1","84","53.839108","-1.621237","91.0","139.29798889160156","","9.9834","2012-07-23T06:30:14.000Z","","",""
"1","85","53.83904","-1.621146","90.5999984741211","141.51651000976563","","9.6687","2012-07-23T06:30:15.000Z","","",""
"1","86","53.838974","-1.621056","90.80000305175781","141.33187866210938","","9.4085","2012-07-23T06:30:16.000Z","","",""
"1","87","53.8389","-1.62097","90.9000015258789","145.21827697753906","","10.028","2012-07-23T06:30:17.000Z","","",""
"1","88","53.838833","-1.62088","90.19999694824219","141.56471252441406","","9.5201","2012-07-23T06:30:18.000Z","","",""
"1","89","53.838768","-1.620784","89.19999694824219","138.95103454589844","","9.5931","2012-07-23T06:30:19.000Z","","",""
"1","90","53.8387","-1.620688","88.4000015258789","140.197509765625","","9.8516","2012-07-23T06:30:20.000Z","","",""
"1","91","53.838634","-1.620595","87.69999694824219","140.07113647460938","","9.5795","2012-07-23T06:30:21.000Z","","",""
"1","92","53.838577","-1.620508","86.80000305175781","138.05763244628906","","8.5293","2012-07-23T06:30:22.000Z","","",""
"1","93","53.83852","-1.620423","86.0999984741211","138.48806762695313","","8.4723","2012-07-23T06:30:23.000Z","","",""
"1","94","53.83846","-1.620329","85.19999694824219","137.09068298339844","","9.1177","2012-07-23T06:30:24.000Z","","",""
"1","95","53.838398","-1.620232","84.5","137.2503662109375","","9.3973","2012-07-23T06:30:25.000Z","","",""
"1","96","53.83833","-1.620132","84.80000305175781","138.98390197753906","","10.0309","2012-07-23T06:30:26.000Z","","",""
"1","97","53.838257","-1.62004","85.19999694824219","143.3891143798828","","10.1221","2012-07-23T06:30:27.000Z","","",""
"1","98","53.83819","-1.619968","85.19999694824219","147.4164581298828","","8.8502","2012-07-23T06:30:28.000Z","","",""
"1","99","53.83811","-1.619898","85.0999984741211","152.67086791992188","","10.0229","2012-07-23T06:30:29.000Z","","",""
"1","100","53.83803","-1.619862","84.9000015258789","165.1751251220703","","9.2108","2012-07-23T06:30:30.000Z","","",""
"1","101","53.837944","-1.619826","84.9000015258789","166.2054443359375","","9.8563","2012-07-23T06:30:31.000Z","","",""
"1","102","53.837856","-1.619797","84.9000015258789","168.74822998046875","","9.9865","2012-07-23T06:30:32.000Z","","",""
"1","103","53.837772","-1.619774","85.0","170.87962341308594","","9.4691","2012-07-23T06:30:33.000Z","","",""
"1","104","53.837692","-1.619754","84.9000015258789","171.63037109375","","9","2012-07-23T06:30:34.000Z","","",""
"1","105","53.837612","-1.619738","85.0","173.37905883789063","","8.9639","2012-07-23T06:30:35.000Z","","",""
"1","106","53.83754","-1.619727","84.69999694824219","174.8833465576172","","8.0458","2012-07-23T06:30:36.000Z","","",""
"1","107","53.837467","-1.619718","84.4000015258789","175.5062713623047","","8.1501","2012-07-23T06:30:37.000Z","","",""
"1","108","53.837334","-1.619701","83.80000305175781","175.80331420898438","","7.4215","2012-07-23T06:30:39.000Z","","",""
"1","109","53.8372","-1.619669","83.0","171.8860321044922","","7.5326","2012-07-23T06:30:41.000Z","","",""
"1","110","53.837063","-1.619618","82.19999694824219","167.6062469482422","","7.8061","2012-07-23T06:30:43.000Z","","",""
"1","111","53.836864","-1.619519","81.5999984741211","163.5878448486328","","7.6966","2012-07-23T06:30:46.000Z","","",""
"1","112","53.836742","-1.619428","81.4000015258789","156.19386291503906","","7.4208","2012-07-23T06:30:48.000Z","","",""
"1","113","53.836697","-1.619364","81.19999694824219","140.06178283691406","","6.5323","2012-07-23T06:30:49.000Z","","",""
"1","114","53.836643","-1.619277","81.0999984741211","136.44650268554688","","4.1466","2012-07-23T06:30:51.000Z","","",""
"1","115","53.836605","-1.619165","81.0","119.86178588867188","","2.1236","2012-07-23T06:30:55.000Z","","",""
"1","116","53.83653","-1.618982","81.0999984741211","124.64505004882813","","2.9368","2012-07-23T06:31:00.000Z","","",""
"1","117","53.836395","-1.61893","81.19999694824219","167.11773681640625","","7.7069","2012-07-23T06:31:02.000Z","","",""
"1","118","53.836266","-1.61891","80.80000305175781","174.9429168701172","","7.207","2012-07-23T06:31:04.000Z","","",""
"1","119","53.836132","-1.618907","80.5999984741211","179.11489868164063","","7.4581","2012-07-23T06:31:06.000Z","","",""
"1","120","53.83601","-1.618876","81.0","171.5614013671875","","6.8637","2012-07-23T06:31:08.000Z","","",""
"1","121","53.83588","-1.618835","81.30000305175781","169.2569580078125","","7.3637","2012-07-23T06:31:10.000Z","","",""
"1","122","53.835823","-1.618813","81.5","167.4230499267578","","6.5002","2012-07-23T06:31:11.000Z","","",""
"1","123","53.835766","-1.618794","81.69999694824219","168.67489624023438","","6.4702","2012-07-23T06:31:12.000Z","","",""
"1","124","53.835686","-1.618781","81.9000015258789","174.59375","","2.9813","2012-07-23T06:31:15.000Z","","",""
"1","125","53.835556","-1.618723","81.5","165.11947631835938","","2.1388","2012-07-23T06:31:22.000Z","","",""
"1","126","53.835464","-1.618695","80.5999984741211","169.79498291015625","","5.2022","2012-07-23T06:31:24.000Z","","",""
"1","127","53.835346","-1.618674","80.0999984741211","174.21820068359375","","6.6004","2012-07-23T06:31:26.000Z","","",""
"1","128","53.83521","-1.618643","80.4000015258789","172.1990203857422","","7.6392","2012-07-23T06:31:28.000Z","","",""
"1","129","53.83514","-1.618622","80.5999984741211","169.84384155273438","","7.9152","2012-07-23T06:31:29.000Z","","",""
"1","130","53.83502","-1.618581","81.19999694824219","168.7647705078125","","6.8086","2012-07-23T06:31:31.000Z","","",""
"1","131","53.834957","-1.618555","81.5","166.02822875976563","","7.2258","2012-07-23T06:31:32.000Z","","",""
"1","132","53.834827","-1.618483","81.19999694824219","161.95542907714844","","7.6089","2012-07-23T06:31:34.000Z","","",""
"1","133","53.83475","-1.618435","80.80000305175781","159.5275421142578","","9.148","2012-07-23T06:31:35.000Z","","",""
"1","134","53.834675","-1.618381","80.0999984741211","156.93173217773438","","9.0731","2012-07-23T06:31:36.000Z","","",""
"1","135","53.8346","-1.618325","79.19999694824219","156.32249450683594","","9.1149","2012-07-23T06:31:37.000Z","","",""
"1","136","53.834454","-1.618195","77.4000015258789","152.17050170898438","","9.1877","2012-07-23T06:31:39.000Z","","",""
"1","137","53.83433","-1.618","75.5999984741211","137.11521911621094","","9.4179","2012-07-23T06:31:41.000Z","","",""
"1","138","53.834274","-1.617902","74.9000015258789","134.12791442871094","","8.9519","2012-07-23T06:31:42.000Z","","",""
"1","139","53.834156","-1.617706","73.5","135.50550842285156","","9.206","2012-07-23T06:31:44.000Z","","",""
"1","140","53.834057","-1.617516","71.69999694824219","131.3762664794922","","8.335","2012-07-23T06:31:46.000Z","","",""
"1","141","53.83392","-1.6174","71.30000305175781","153.33700561523438","","8.5314","2012-07-23T06:31:48.000Z","","",""
"1","142","53.833847","-1.617346","70.69999694824219","156.13442993164063","","8.8847","2012-07-23T06:31:49.000Z","","",""
"1","143","53.833775","-1.617296","70.80000305175781","157.78933715820313","","8.656","2012-07-23T06:31:50.000Z","","",""
"1","144","53.83363","-1.617185","70.69999694824219","155.73526000976563","","8.8513","2012-07-23T06:31:52.000Z","","",""
"1","145","53.83351","-1.617075","69.9000015258789","151.40151977539063","","7.6061","2012-07-23T06:31:54.000Z","","",""
"1","146","53.833366","-1.616904","69.5999984741211","144.88307189941406","","6.5313","2012-07-23T06:31:57.000Z","","",""
"1","147","53.83325","-1.616725","70.19999694824219","137.738525390625","","5.8151","2012-07-23T06:32:00.000Z","","",""
"1","148","53.833218","-1.616526","70.30000305175781","105.19355010986328","","3.3975","2012-07-23T06:32:04.000Z","","",""
"1","149","53.83325","-1.616326","70.4000015258789","74.84980773925781","","2.7256","2012-07-23T06:32:09.000Z","","",""
"1","150","53.833267","-1.616173","70.69999694824219","79.41558837890625","","3.4337","2012-07-23T06:32:12.000Z","","",""
"1","151","53.833298","-1.616021","71.19999694824219","70.9183120727539","","3.5181","2012-07-23T06:32:15.000Z","","",""
"1","152","53.83332","-1.615896","71.80000305175781","73.49263763427734","","2.8726","2012-07-23T06:32:18.000Z","","",""
"1","153","53.833332","-1.615794","72.30000305175781","78.75125122070313","","3.4235","2012-07-23T06:32:20.000Z","","",""
"1","154","53.833347","-1.615675","72.80000305175781","77.94090270996094","","2.6637","2012-07-23T06:32:23.000Z","","",""
"1","155","53.83336","-1.615569","73.30000305175781","78.26510620117188","","3.5571","2012-07-23T06:32:25.000Z","","",""
"1","156","53.833374","-1.615436","74.0999984741211","79.92443084716797","","2.969","2012-07-23T06:32:28.000Z","","",""
"1","157","53.833385","-1.615295","75.0","82.48670196533203","","3.1212","2012-07-23T06:32:31.000Z","","",""
"1","158","53.833393","-1.615145","75.80000305175781","84.82732391357422","","3.2921","2012-07-23T06:32:34.000Z","","",""
"1","159","53.83341","-1.615011","76.5","77.90364074707031","","4.5146","2012-07-23T06:32:36.000Z","","",""
"1","160","53.833412","-1.6148","77.5","89.08187103271484","","4.6312","2012-07-23T06:32:39.000Z","","",""
"1","161","53.83338","-1.61463","78.5999984741211","107.63273620605469","","3.9193","2012-07-23T06:32:42.000Z","","",""
"1","162","53.833336","-1.614515","80.0999984741211","122.8502426147461","","2.257","2012-07-23T06:32:46.000Z","","",""
"1","163","53.833252","-1.61451","81.5999984741211","178.02377319335938","","2.3387","2012-07-23T06:32:50.000Z","","",""
"1","164","53.83315","-1.614515","82.69999694824219","181.79368591308594","","3.7861","2012-07-23T06:32:53.000Z","","",""
"1","165","53.833076","-1.614523","83.30000305175781","183.61338806152344","","4.1264","2012-07-23T06:32:55.000Z","","",""
"1","166","53.833004","-1.614527","83.69999694824219","181.8822021484375","","4.009","2012-07-23T06:32:57.000Z","","",""
"1","167","53.83291","-1.614538","84.0999984741211","183.8162078857422","","3.4952","2012-07-23T06:33:00.000Z","","",""
"1","168","53.83285","-1.614555","84.5","189.62417602539063","","3.3867","2012-07-23T06:33:02.000Z","","",""
"1","169","53.832726","-1.614613","85.30000305175781","195.36427307128906","","3.5782","2012-07-23T06:33:06.000Z","","",""
"1","170","53.832623","-1.614663","86.0","195.99107360839844","","3.9752","2012-07-23T06:33:09.000Z","","",""
"1","171","53.83256","-1.614697","86.5","197.70513916015625","","3.6803","2012-07-23T06:33:11.000Z","","",""
"1","172","53.83247","-1.614733","87.0999984741211","193.52589416503906","","3.4343","2012-07-23T06:33:14.000Z","","",""
"1","173","53.832344","-1.614782","88.19999694824219","192.95501708984375","","3.5976","2012-07-23T06:33:18.000Z","","",""
"1","174","53.832253","-1.614829","88.9000015258789","196.98890686035156","","3.5302","2012-07-23T06:33:21.000Z","","",""
"1","175","53.832184","-1.614859","89.4000015258789","194.5154266357422","","3.9665","2012-07-23T06:33:23.000Z","","",""
"1","176","53.83212","-1.614887","89.9000015258789","194.41038513183594","","3.6774","2012-07-23T06:33:25.000Z","","",""
"1","177","53.83205","-1.614918","90.4000015258789","194.45297241210938","","4.0229","2012-07-23T06:33:27.000Z","","",""
"1","178","53.831966","-1.614953","90.80000305175781","193.88404846191406","","4.8154","2012-07-23T06:33:29.000Z","","",""
"1","179","53.83189","-1.614984","91.19999694824219","193.7759552001953","","4.3547","2012-07-23T06:33:31.000Z","","",""
"1","180","53.831806","-1.615019","91.4000015258789","193.57948303222656","","4.8091","2012-07-23T06:33:33.000Z","","",""
"1","181","53.83174","-1.615045","91.4000015258789","193.11767578125","","3.7714","2012-07-23T06:33:35.000Z","","",""
"1","182","53.83167","-1.61506","91.5","187.60516357421875","","3.9301","2012-07-23T06:33:37.000Z","","",""
"1","183","53.831577","-1.615075","91.5999984741211","185.2333526611328","","3.4648","2012-07-23T06:33:40.000Z","","",""
"1","184","53.831493","-1.615077","91.5999984741211","180.96827697753906","","4.6753","2012-07-23T06:33:42.000Z","","",""
"1","185","53.83141","-1.615069","92.4000015258789","176.5739288330078","","4.6273","2012-07-23T06:33:44.000Z","","",""
"1","186","53.831333","-1.615046","92.9000015258789","170.23577880859375","","4.3481","2012-07-23T06:33:46.000Z","","",""
"1","187","53.831257","-1.615015","93.69999694824219","166.18179321289063","","4.3555","2012-07-23T06:33:48.000Z","","",""
"1","188","53.83118","-1.61498","94.9000015258789","164.9498748779297","","4.4373","2012-07-23T06:33:50.000Z","","",""
"1","189","53.831097","-1.614942","96.19999694824219","164.8460235595703","","4.7854","2012-07-23T06:33:52.000Z","","",""
"1","190","53.83102","-1.614903","96.5999984741211","163.19972229003906","","4.4762","2012-07-23T06:33:54.000Z","","",""
"1","191","53.830936","-1.614862","97.30000305175781","163.9319610595703","","4.8647","2012-07-23T06:33:56.000Z","","",""
"1","192","53.830864","-1.614811","97.4000015258789","157.42575073242188","","4.3393","2012-07-23T06:33:58.000Z","","",""
"1","193","53.830784","-1.614736","97.5","151.11766052246094","","5.0845","2012-07-23T06:34:00.000Z","","",""
"1","194","53.83072","-1.614662","97.80000305175781","145.37649536132813","","4.3282","2012-07-23T06:34:02.000Z","","",""
"1","195","53.830658","-1.614588","98.30000305175781","144.81231689453125","","4.2218","2012-07-23T06:34:04.000Z","","",""
"1","196","53.830593","-1.6145","98.19999694824219","141.3411865234375","","4.6324","2012-07-23T06:34:06.000Z","","",""
"1","197","53.830517","-1.61439","98.4000015258789","139.4038848876953","","5.5701","2012-07-23T06:34:08.000Z","","",""
"1","198","53.830437","-1.614272","98.19999694824219","138.8694610595703","","5.9108","2012-07-23T06:34:10.000Z","","",""
"1","199","53.830353","-1.614156","98.0","140.82655334472656","","6.03","2012-07-23T06:34:12.000Z","","",""
"1","200","53.830276","-1.614049","97.5999984741211","140.49954223632813","","5.5534","2012-07-23T06:34:14.000Z","","",""
"1","201","53.830196","-1.613937","97.0","140.34356689453125","","5.7828","2012-07-23T06:34:16.000Z","","",""
"1","202","53.830124","-1.613828","96.4000015258789","138.310546875","","5.3657","2012-07-23T06:34:18.000Z","","",""
"1","203","53.830048","-1.613741","96.4000015258789","145.80291748046875","","5.1136","2012-07-23T06:34:20.000Z","","",""
"1","204","53.82997","-1.613653","96.30000305175781","146.31048583984375","","5.2169","2012-07-23T06:34:22.000Z","","",""
"1","205","53.829895","-1.613546","96.30000305175781","139.8629150390625","","5.4595","2012-07-23T06:34:24.000Z","","",""
"1","206","53.829823","-1.613433","96.5999984741211","137.0746612548828","","5.472","2012-07-23T06:34:26.000Z","","",""
"1","207","53.82973","-1.613297","96.69999694824219","139.07456970214844","","6.8499","2012-07-23T06:34:28.000Z","","",""
"1","208","53.82962","-1.613148","97.0","141.27554321289063","","7.8466","2012-07-23T06:34:30.000Z","","",""
"1","209","53.82956","-1.613056","96.69999694824219","137.91360473632813","","8.9985","2012-07-23T06:34:31.000Z","","",""
"1","210","53.829453","-1.612912","95.9000015258789","141.5334930419922","","7.6052","2012-07-23T06:34:33.000Z","","",""
"1","211","53.829395","-1.612847","95.5999984741211","146.45663452148438","","7.7454","2012-07-23T06:34:34.000Z","","",""
"1","212","53.829327","-1.612786","95.4000015258789","151.92942810058594","","8.5775","2012-07-23T06:34:35.000Z","","",""
"1","213","53.82926","-1.612731","95.30000305175781","153.97496032714844","","8.2987","2012-07-23T06:34:36.000Z","","",""
"1","214","53.829193","-1.612677","95.0999984741211","154.67349243164063","","8.2502","2012-07-23T06:34:37.000Z","","",""
"1","215","53.829132","-1.612635","94.80000305175781","157.7427978515625","","7.336","2012-07-23T06:34:38.000Z","","",""
"1","216","53.82908","-1.6126","94.5999984741211","158.45753479003906","","6.2224","2012-07-23T06:34:39.000Z","","",""
"1","217","53.829014","-1.612474","94.4000015258789","131.54544067382813","","3.6921","2012-07-23T06:34:42.000Z","","",""
"1","218","53.828995","-1.612339","94.4000015258789","103.34403228759766","","4.5813","2012-07-23T06:34:44.000Z","","",""
"1","219","53.828987","-1.612245","94.69999694824219","98.22099304199219","","6.227","2012-07-23T06:34:45.000Z","","",""
"1","220","53.82898","-1.612139","94.80000305175781","96.3280029296875","","7.0687","2012-07-23T06:34:46.000Z","","",""
"1","221","53.82896","-1.611915","94.80000305175781","98.58260345458984","","7.4581","2012-07-23T06:34:48.000Z","","",""
"1","222","53.82895","-1.611792","95.0999984741211","97.83133697509766","","8.1684","2012-07-23T06:34:49.000Z","","",""
"1","223","53.828934","-1.611664","95.0999984741211","101.96722412109375","","8.5884","2012-07-23T06:34:50.000Z","","",""
"1","224","53.82892","-1.611538","95.19999694824219","100.66210174560547","","8.422","2012-07-23T06:34:51.000Z","","",""
"1","225","53.828896","-1.61141","95.80000305175781","107.53431701660156","","8.8664","2012-07-23T06:34:52.000Z","","",""
"1","226","53.828873","-1.61129","96.19999694824219","107.92373657226563","","8.3182","2012-07-23T06:34:53.000Z","","",""
"1","227","53.82884","-1.611151","96.5999984741211","111.88038635253906","","9.8558","2012-07-23T06:34:54.000Z","","",""
"1","228","53.828808","-1.611021","97.0","112.670166015625","","9.2408","2012-07-23T06:34:55.000Z","","",""
"1","229","53.82877","-1.610888","96.9000015258789","115.66119384765625","","9.7667","2012-07-23T06:34:56.000Z","","",""
"1","230","53.828728","-1.610746","96.5999984741211","116.61206817626953","","10.4358","2012-07-23T06:34:57.000Z","","",""
"1","231","53.828697","-1.610616","96.0999984741211","111.9231948852539","","9.2413","2012-07-23T06:34:58.000Z","","",""
"1","232","53.828693","-1.610477","95.69999694824219","92.79688262939453","","9.1238","2012-07-23T06:34:59.000Z","","",""
"1","233","53.828712","-1.610352","95.0999984741211","75.64532470703125","","8.5298","2012-07-23T06:35:00.000Z","","",""
"1","234","53.82873","-1.610219","94.5","77.13273620605469","","8.9964","2012-07-23T06:35:01.000Z","","",""
"1","235","53.82875","-1.610075","94.0","76.7521743774414","","9.7138","2012-07-23T06:35:02.000Z","","",""
"1","236","53.82873","-1.609929","93.19999694824219","103.072021484375","","9.842","2012-07-23T06:35:03.000Z","","",""
"1","237","53.82869","-1.609795","92.4000015258789","116.77489471435547","","9.8828","2012-07-23T06:35:04.000Z","","",""
"1","238","53.828644","-1.609656","91.4000015258789","119.1176528930664","","10.5216","2012-07-23T06:35:05.000Z","","",""
"1","239","53.82859","-1.60953","90.30000305175781","126.02940368652344","","10.2181","2012-07-23T06:35:06.000Z","","",""
"1","240","53.828484","-1.609486","89.0","166.203125","","12.1485","2012-07-23T06:35:07.000Z","","",""
"1","241","53.828373","-1.609459","88.0999984741211","171.63189697265625","","12.4874","2012-07-23T06:35:08.000Z","","",""
"1","242","53.828278","-1.609436","87.0","171.91903686523438","","10.6797","2012-07-23T06:35:09.000Z","","",""
"1","243","53.828205","-1.609378","86.19999694824219","155.01535034179688","","8.9639","2012-07-23T06:35:10.000Z","","",""
"1","244","53.8281","-1.609235","85.19999694824219","141.08302307128906","","7.5102","2012-07-23T06:35:12.000Z","","",""
"1","245","53.828045","-1.609141","84.9000015258789","134.5320281982422","","8.7288","2012-07-23T06:35:13.000Z","","",""
"1","246","53.827995","-1.609044","85.0","131.06591796875","","8.4714","2012-07-23T06:35:14.000Z","","",""
"1","247","53.827938","-1.608941","85.0","133.22828674316406","","9.2629","2012-07-23T06:35:15.000Z","","",""
"1","248","53.827877","-1.60883","84.5","132.8896942138672","","9.9758","2012-07-23T06:35:16.000Z","","",""
"1","249","53.827816","-1.608716","84.0999984741211","132.15357971191406","","10.1165","2012-07-23T06:35:17.000Z","","",""
"1","250","53.827686","-1.608487","83.5999984741211","133.75570678710938","","10.4609","2012-07-23T06:35:19.000Z","","",""
"1","251","53.82762","-1.608373","83.0","134.4812469482422","","10.484","2012-07-23T06:35:20.000Z","","",""
"1","252","53.827553","-1.608257","82.4000015258789","134.26377868652344","","10.6843","2012-07-23T06:35:21.000Z","","",""
"1","253","53.82747","-1.608174","81.5","149.27040100097656","","10.7471","2012-07-23T06:35:22.000Z","","",""
"1","254","53.827393","-1.608097","81.5","149.52182006835938","","9.9443","2012-07-23T06:35:23.000Z","","",""
"1","255","53.827316","-1.608018","79.4000015258789","148.6148681640625","","10.0391","2012-07-23T06:35:24.000Z","","",""
"1","256","53.827232","-1.607931","78.69999694824219","148.70848083496094","","10.9408","2012-07-23T06:35:25.000Z","","",""
"1","257","53.827084","-1.607777","78.19999694824219","148.36717224121094","","9.6736","2012-07-23T06:35:27.000Z","","",""
"1","258","53.827007","-1.607697","78.0999984741211","148.4545440673828","","10.0563","2012-07-23T06:35:28.000Z","","",""
"1","259","53.826935","-1.607623","77.9000015258789","148.49270629882813","","9.3995","2012-07-23T06:35:29.000Z","","",""
"1","260","53.82686","-1.607549","77.19999694824219","149.9294891357422","","9.6459","2012-07-23T06:35:30.000Z","","",""
"1","261","53.826786","-1.607481","76.4000015258789","151.22256469726563","","9.3969","2012-07-23T06:35:31.000Z","","",""
"1","262","53.82671","-1.607419","75.4000015258789","154.4176483154297","","9.3783","2012-07-23T06:35:32.000Z","","",""
"1","263","53.826622","-1.607378","73.80000305175781","164.66131591796875","","10.1563","2012-07-23T06:35:33.000Z","","",""
"1","264","53.82653","-1.607383","72.30000305175781","181.80479431152344","","10.2448","2012-07-23T06:35:34.000Z","","",""
"1","265","53.826435","-1.607399","71.19999694824219","185.6549072265625","","10.6254","2012-07-23T06:35:35.000Z","","",""
"1","266","53.826344","-1.607423","70.5","188.97750854492188","","10.2541","2012-07-23T06:35:36.000Z","","",""
"1","267","53.82626","-1.607457","70.0999984741211","193.1610870361328","","9.6015","2012-07-23T06:35:37.000Z","","",""
"1","268","53.826176","-1.607495","69.69999694824219","195.17152404785156","","9.687","2012-07-23T06:35:38.000Z","","",""
"1","269","53.826103","-1.607527","69.5","194.5823974609375","","8.3955","2012-07-23T06:35:39.000Z","","",""
"1","270","53.82603","-1.607566","69.5999984741211","197.45590209960938","","8.5173","2012-07-23T06:35:40.000Z","","",""
"1","271","53.825962","-1.607603","69.5","198.0696563720703","","7.9612","2012-07-23T06:35:41.000Z","","",""
"1","272","53.825863","-1.607648","69.5","194.89218139648438","","5.7009","2012-07-23T06:35:43.000Z","","",""
"1","273","53.825836","-1.607522","69.0","109.93934631347656","","2.203","2012-07-23T06:35:47.000Z","","",""
"1","274","53.825813","-1.607331","68.5999984741211","101.46957397460938","","6.4369","2012-07-23T06:35:49.000Z","","",""
"1","275","53.82578","-1.60712","69.0999984741211","104.86807250976563","","7.1571","2012-07-23T06:35:51.000Z","","",""
"1","276","53.825745","-1.606897","68.69999694824219","104.8066635131836","","7.6216","2012-07-23T06:35:53.000Z","","",""
"1","277","53.825726","-1.606769","68.0","104.10567474365234","","8.6772","2012-07-23T06:35:54.000Z","","",""
"1","278","53.825687","-1.606524","66.19999694824219","105.07687377929688","","8.3439","2012-07-23T06:35:56.000Z","","",""
"1","279","53.82567","-1.606397","65.5","102.69066619873047","","8.6128","2012-07-23T06:35:57.000Z","","",""
"1","280","53.82564","-1.606275","64.69999694824219","112.63615417480469","","8.6756","2012-07-23T06:35:58.000Z","","",""
"1","281","53.825615","-1.606159","64.0999984741211","109.98373413085938","","8.1419","2012-07-23T06:35:59.000Z","","",""
"1","282","53.82554","-1.605958","64.19999694824219","122.2390365600586","","7.8241","2012-07-23T06:36:01.000Z","","",""
"1","283","53.82543","-1.605817","65.5","142.82452392578125","","7.6828","2012-07-23T06:36:03.000Z","","",""
"1","284","53.825333","-1.605673","66.80000305175781","138.78604125976563","","7.1759","2012-07-23T06:36:05.000Z","","",""
"1","285","53.825233","-1.605536","66.5999984741211","140.8512420654297","","1.3047","2012-07-23T06:36:16.000Z","","",""
"1","286","53.825104","-1.605546","65.19999694824219","182.83567810058594","","4.7918","2012-07-23T06:36:19.000Z","","",""
"1","287","53.824986","-1.60561","65.4000015258789","197.79087829589844","","6.8966","2012-07-23T06:36:21.000Z","","",""
"1","288","53.82486","-1.605683","67.0999984741211","198.87234497070313","","7.4104","2012-07-23T06:36:23.000Z","","",""
"1","289","53.824726","-1.605764","68.4000015258789","199.63397216796875","","7.9176","2012-07-23T06:36:25.000Z","","",""
"1","290","53.824596","-1.605834","69.0999984741211","197.67074584960938","","7.5929","2012-07-23T06:36:27.000Z","","",""
"1","291","53.82445","-1.605885","69.19999694824219","191.6992645263672","","8.2974","2012-07-23T06:36:29.000Z","","",""
"1","292","53.82431","-1.605925","68.5999984741211","189.4769744873047","","7.8989","2012-07-23T06:36:31.000Z","","",""
"1","293","53.824173","-1.605945","67.80000305175781","185.13294982910156","","7.6549","2012-07-23T06:36:33.000Z","","",""
"1","294","53.824047","-1.605954","68.19999694824219","182.44679260253906","","7.0184","2012-07-23T06:36:35.000Z","","",""
"1","295","53.8239","-1.605948","69.0","178.5013885498047","","5.4557","2012-07-23T06:36:38.000Z","","",""
"1","296","53.8238","-1.60591","68.4000015258789","167.26438903808594","","5.7055","2012-07-23T06:36:40.000Z","","",""
"1","297","53.823677","-1.60586","67.5","166.55474853515625","","7.0379","2012-07-23T06:36:42.000Z","","",""
"1","298","53.82356","-1.605816","66.5999984741211","167.45578002929688","","6.6704","2012-07-23T06:36:44.000Z","","",""
"1","299","53.823437","-1.605765","66.4000015258789","166.2162322998047","","7.048","2012-07-23T06:36:46.000Z","","",""
"1","300","53.823322","-1.605712","66.69999694824219","164.61032104492188","","6.6379","2012-07-23T06:36:48.000Z","","",""
"1","301","53.82311","-1.605576","65.80000305175781","159.2152557373047","","8.4128","2012-07-23T06:36:51.000Z","","",""
"1","302","53.822968","-1.605449","64.69999694824219","152.1696014404297","","8.936","2012-07-23T06:36:53.000Z","","",""
"1","303","53.822903","-1.605385","64.0","149.77635192871094","","8.3727","2012-07-23T06:36:54.000Z","","",""
"1","304","53.822834","-1.605318","63.29999923706055","150.15870666503906","","8.8538","2012-07-23T06:36:55.000Z","","",""
"1","305","53.8227","-1.605187","62.70000076293945","150.04867553710938","","8.6066","2012-07-23T06:36:57.000Z","","",""
"1","306","53.822636","-1.605129","62.79999923706055","151.4715118408203","","8.1078","2012-07-23T06:36:58.000Z","","",""
"1","307","53.822575","-1.60507","62.900001525878906","150.42832946777344","","7.8063","2012-07-23T06:36:59.000Z","","",""
"1","308","53.82251","-1.605011","63.0","151.72113037109375","","8.2151","2012-07-23T06:37:00.000Z","","",""
"1","309","53.82244","-1.604947","62.79999923706055","151.70086669921875","","8.8487","2012-07-23T06:37:01.000Z","","",""
"1","310","53.82237","-1.604883","62.70000076293945","151.36398315429688","","8.8769","2012-07-23T06:37:02.000Z","","",""
"1","311","53.822304","-1.604818","62.5","149.69345092773438","","8.5087","2012-07-23T06:37:03.000Z","","",""
"1","312","53.822243","-1.604754","62.099998474121094","148.28941345214844","","7.9808","2012-07-23T06:37:04.000Z","","",""
"1","313","53.822117","-1.604632","62.0","150.31341552734375","","8.0714","2012-07-23T06:37:06.000Z","","",""
"1","314","53.821995","-1.604523","62.70000076293945","152.0941162109375","","7.6828","2012-07-23T06:37:08.000Z","","",""
"1","315","53.82187","-1.604417","62.5","153.39822387695313","","7.7799","2012-07-23T06:37:10.000Z","","",""
"1","316","53.82175","-1.604306","61.20000076293945","151.22080993652344","","7.6192","2012-07-23T06:37:12.000Z","","",""
"1","317","53.82162","-1.604181","59.79999923706055","150.44198608398438","","8.317","2012-07-23T06:37:14.000Z","","",""
"1","318","53.821552","-1.604113","60.099998474121094","149.3138885498047","","8.8008","2012-07-23T06:37:15.000Z","","",""
"1","319","53.821484","-1.604044","60.5","148.8369140625","","8.8448","2012-07-23T06:37:16.000Z","","",""
"1","320","53.82142","-1.603974","60.5","147.05328369140625","","8.4884","2012-07-23T06:37:17.000Z","","",""
"1","321","53.821358","-1.603905","60.5","146.74986267089844","","8.2516","2012-07-23T06:37:18.000Z","","",""
"1","322","53.8213","-1.603836","60.20000076293945","145.01455688476563","","7.8793","2012-07-23T06:37:19.000Z","","",""
"1","323","53.821236","-1.603767","60.20000076293945","147.3901824951172","","8.4564","2012-07-23T06:37:20.000Z","","",""
"1","324","53.821163","-1.603693","60.5","148.87423706054688","","9.4915","2012-07-23T06:37:21.000Z","","",""
"1","325","53.821095","-1.603618","60.5","146.83639526367188","","9.0412","2012-07-23T06:37:22.000Z","","",""
"1","326","53.821037","-1.603547","60.400001525878906","144.35281372070313","","7.944","2012-07-23T06:37:23.000Z","","",""
"1","327","53.820976","-1.603477","60.400001525878906","145.55819702148438","","8.2326","2012-07-23T06:37:24.000Z","","",""
"1","328","53.820915","-1.603399","60.5","143.06610107421875","","8.4939","2012-07-23T06:37:25.000Z","","",""
"1","329","53.82079","-1.603236","60.400001525878906","142.41514587402344","","8.7783","2012-07-23T06:37:27.000Z","","",""
"1","330","53.820667","-1.603072","59.599998474121094","141.7288360595703","","8.7188","2012-07-23T06:37:29.000Z","","",""
"1","331","53.820606","-1.602996","59.400001525878906","143.3152618408203","","8.4663","2012-07-23T06:37:30.000Z","","",""
"1","332","53.820545","-1.602922","59.099998474121094","144.5497589111328","","8.3344","2012-07-23T06:37:31.000Z","","",""
"1","333","53.820484","-1.602853","59.0","146.01394653320313","","8.1881","2012-07-23T06:37:32.000Z","","",""
"1","334","53.820374","-1.602715","58.400001525878906","143.49227905273438","","7.616","2012-07-23T06:37:34.000Z","","",""
"1","335","53.82031","-1.602638","58.0","144.51792907714844","","8.7478","2012-07-23T06:37:35.000Z","","",""
"1","336","53.82025","-1.602568","57.70000076293945","145.19082641601563","","8.1335","2012-07-23T06:37:36.000Z","","",""
"1","337","53.820194","-1.602495","57.20000076293945","142.62245178222656","","7.8435","2012-07-23T06:37:37.000Z","","",""
"1","338","53.820076","-1.602363","57.400001525878906","146.4789581298828","","7.8768","2012-07-23T06:37:39.000Z","","",""
"1","339","53.820015","-1.602292","57.099998474121094","145.51980590820313","","8.2363","2012-07-23T06:37:40.000Z","","",""
"1","340","53.819954","-1.602222","57.5","145.59536743164063","","8.2289","2012-07-23T06:37:41.000Z","","",""
"1","341","53.819836","-1.602085","58.400001525878906","145.60906982421875","","7.9578","2012-07-23T06:37:43.000Z","","",""
"1","342","53.819725","-1.601962","59.599998474121094","146.64112854003906","","7.3957","2012-07-23T06:37:45.000Z","","",""
"1","343","53.81961","-1.601839","60.20000076293945","147.6921844482422","","7.5721","2012-07-23T06:37:47.000Z","","",""
"1","344","53.8195","-1.601709","59.900001525878906","145.09693908691406","","7.4642","2012-07-23T06:37:49.000Z","","",""
"1","345","53.819386","-1.601587","58.599998474121094","147.71995544433594","","7.5039","2012-07-23T06:37:51.000Z","","",""
"1","346","53.819275","-1.601461","58.599998474121094","145.96432495117188","","7.4542","2012-07-23T06:37:53.000Z","","",""
"1","347","53.819214","-1.601389","59.20000076293945","145.1433563232422","","8.2739","2012-07-23T06:37:54.000Z","","",""
"1","348","53.819153","-1.601316","59.79999923706055","144.58575439453125","","8.3307","2012-07-23T06:37:55.000Z","","",""
"1","349","53.819084","-1.601232","60.0","144.20022583007813","","9.4688","2012-07-23T06:37:56.000Z","","",""
"1","350","53.819023","-1.601149","59.79999923706055","141.36419677734375","","8.6918","2012-07-23T06:37:57.000Z","","",""
"1","351","53.81891","-1.600997","58.29999923706055","141.51870727539063","","8.0333","2012-07-23T06:37:59.000Z","","",""
"1","352","53.818794","-1.600852","56.400001525878906","143.5111541748047","","8.0295","2012-07-23T06:38:01.000Z","","",""
"1","353","53.818687","-1.600713","54.0","142.29168701171875","","7.5267","2012-07-23T06:38:03.000Z","","",""
"1","354","53.81858","-1.600583","52.20000076293945","144.47512817382813","","7.3165","2012-07-23T06:38:05.000Z","","",""
"1","355","53.818478","-1.600463","52.400001525878906","144.95506286621094","","6.9334","2012-07-23T06:38:07.000Z","","",""
"1","356","53.81837","-1.600319","53.400001525878906","141.72731018066406","","7.6557","2012-07-23T06:38:09.000Z","","",""
"1","357","53.818314","-1.600243","53.900001525878906","141.38067626953125","","7.9775","2012-07-23T06:38:10.000Z","","",""
"1","358","53.818207","-1.600103","54.20000076293945","142.19235229492188","","7.5368","2012-07-23T06:38:12.000Z","","",""
"1","359","53.818104","-1.599955","54.599998474121094","139.6649169921875","","7.5197","2012-07-23T06:38:14.000Z","","",""
"1","360","53.818043","-1.599778","53.900001525878906","120.17461395263672","","6.7538","2012-07-23T06:38:16.000Z","","",""
"1","361","53.81803","-1.599596","55.70000076293945","96.91666412353516","","6.0075","2012-07-23T06:38:18.000Z","","",""
"1","362","53.818096","-1.599365","56.599998474121094","64.2462387084961","","5.6355","2012-07-23T06:38:21.000Z","","",""
"1","363","53.818184","-1.599248","56.900001525878906","38.35973358154297","","4.1637","2012-07-23T06:38:24.000Z","","",""
"1","364","53.81827","-1.599169","57.29999923706055","28.435815811157227","","3.6284","2012-07-23T06:38:27.000Z","","",""
"1","365","53.818356","-1.599109","57.70000076293945","22.264049530029297","","3.4477","2012-07-23T06:38:30.000Z","","",""
"1","366","53.818424","-1.599066","58.29999923706055","20.733400344848633","","2.6975","2012-07-23T06:38:33.000Z","","",""
"1","367","53.818512","-1.599031","59.5","13.352896690368652","","2.5167","2012-07-23T06:38:37.000Z","","",""
"1","368","53.818592","-1.598988","60.599998474121094","17.373722076416016","","3.1099","2012-07-23T06:38:40.000Z","","",""
"1","369","53.81868","-1.598931","62.5","21.071489334106445","","2.6241","2012-07-23T06:38:44.000Z","","",""
"1","370","53.818798","-1.598845","63.900001525878906","23.255830764770508","","3.5738","2012-07-23T06:38:48.000Z","","",""
"1","371","53.818874","-1.598779","65.0999984741211","27.197158813476563","","3.1701","2012-07-23T06:38:51.000Z","","",""
"1","372","53.818947","-1.598709","66.0","29.711240768432617","","3.1183","2012-07-23T06:38:54.000Z","","",""
"1","373","53.819023","-1.598623","67.0999984741211","33.74392318725586","","3.3909","2012-07-23T06:38:57.000Z","","",""
"1","374","53.81909","-1.59852","67.80000305175781","42.208473205566406","","5.0339","2012-07-23T06:38:59.000Z","","",""
"1","375","53.819084","-1.598328","68.4000015258789","93.02143859863281","","6.3346","2012-07-23T06:39:01.000Z","","",""
"1","376","53.81905","-1.598167","68.69999694824219","109.56233978271484","","5.651","2012-07-23T06:39:03.000Z","","",""
"1","377","53.81899","-1.597981","69.0999984741211","118.61004638671875","","6.9731","2012-07-23T06:39:05.000Z","","",""
"1","378","53.818916","-1.597842","68.69999694824219","132.1008758544922","","6.1425","2012-07-23T06:39:07.000Z","","",""
"1","379","53.818897","-1.597637","69.19999694824219","98.88059997558594","","4.5662","2012-07-23T06:39:10.000Z","","",""
"1","380","53.81896","-1.597433","68.80000305175781","62.41665267944336","","2.1634","2012-07-23T06:39:17.000Z","","",""
"1","381","53.819027","-1.597389","68.69999694824219","21.191898345947266","","3.999","2012-07-23T06:39:19.000Z","","",""
"1","382","53.81902","-1.597135","68.4000015258789","92.66437530517578","","3.3519","2012-07-23T06:39:24.000Z","","",""
"1","383","53.81897","-1.596915","68.9000015258789","111.03713989257813","","5.1676","2012-07-23T06:39:27.000Z","","",""
"1","384","53.81892","-1.596729","67.5999984741211","114.38561248779297","","6.7394","2012-07-23T06:39:29.000Z","","",""
"1","385","53.81887","-1.596567","67.4000015258789","117.58987426757813","","6.008","2012-07-23T06:39:31.000Z","","",""
"1","386","53.818813","-1.596401","67.19999694824219","120.18616485595703","","6.3087","2012-07-23T06:39:33.000Z","","",""
"1","387","53.818752","-1.596226","65.69999694824219","120.4439926147461","","6.6997","2012-07-23T06:39:35.000Z","","",""
"1","388","53.818695","-1.596062","64.5999984741211","120.35233306884766","","6.2774","2012-07-23T06:39:37.000Z","","",""
"1","389","53.818626","-1.595832","64.0999984741211","116.93470764160156","","5.6514","2012-07-23T06:39:40.000Z","","",""
"1","390","53.818577","-1.595663","63.70000076293945","116.15792846679688","","6.1856","2012-07-23T06:39:42.000Z","","",""
"1","391","53.818512","-1.595461","64.0","118.43041229248047","","7.5979","2012-07-23T06:39:44.000Z","","",""
"1","392","53.818447","-1.595263","64.5","119.09451293945313","","7.4391","2012-07-23T06:39:46.000Z","","",""
"1","393","53.818382","-1.595073","65.5","119.96870422363281","","7.2414","2012-07-23T06:39:48.000Z","","",""
"1","394","53.818336","-1.594912","67.0999984741211","115.75924682617188","","5.8904","2012-07-23T06:39:50.000Z","","",""
"1","395","53.818295","-1.594765","68.0","115.2817611694336","","5.3426","2012-07-23T06:39:52.000Z","","",""
"1","396","53.818256","-1.59464","67.4000015258789","117.83885192871094","","4.6476","2012-07-23T06:39:54.000Z","","",""
"1","397","53.818176","-1.59457","67.0999984741211","152.76010131835938","","2.5037","2012-07-23T06:39:58.000Z","","",""
"1","398","53.818054","-1.594584","66.80000305175781","183.7740020751953","","3.4021","2012-07-23T06:40:02.000Z","","",""
"1","399","53.81793","-1.59465","65.5","197.58169555664063","","4.8259","2012-07-23T06:40:05.000Z","","",""
"1","400","53.81781","-1.594721","65.4000015258789","199.22030639648438","","4.7149","2012-07-23T06:40:08.000Z","","",""
"1","401","53.8177","-1.594773","65.5999984741211","195.6852264404297","","4.2389","2012-07-23T06:40:11.000Z","","",""
"1","402","53.817623","-1.5948","65.9000015258789","191.59552001953125","","4.3744","2012-07-23T06:40:13.000Z","","",""
"1","403","53.81751","-1.594883","66.4000015258789","203.59280395507813","","3.4311","2012-07-23T06:40:17.000Z","","",""
"1","404","53.817417","-1.594964","66.4000015258789","207.09315490722656","","3.8756","2012-07-23T06:40:20.000Z","","",""
"1","405","53.817364","-1.595021","66.4000015258789","212.33621215820313","","3.4908","2012-07-23T06:40:22.000Z","","",""
"1","406","53.817287","-1.595098","66.30000305175781","210.90750122070313","","3.3295","2012-07-23T06:40:25.000Z","","",""
"1","407","53.8172","-1.595148","66.30000305175781","198.6776123046875","","3.4072","2012-07-23T06:40:28.000Z","","",""
"1","408","53.81713","-1.595074","66.4000015258789","147.93650817871094","","2.2984","2012-07-23T06:40:32.000Z","","",""
"1","409","53.817104","-1.594921","66.9000015258789","106.01261901855469","","2.6227","2012-07-23T06:40:36.000Z","","",""
"1","410","53.81708","-1.594757","67.4000015258789","103.86621856689453","","3.7154","2012-07-23T06:40:39.000Z","","",""
"1","411","53.817074","-1.594629","67.69999694824219","94.52559661865234","","4.2317","2012-07-23T06:40:41.000Z","","",""
"1","412","53.81707","-1.594505","67.9000015258789","93.13789367675781","","4.0665","2012-07-23T06:40:43.000Z","","",""
"1","413","53.81706","-1.594318","68.30000305175781","95.1526870727539","","4.1309","2012-07-23T06:40:46.000Z","","",""
"1","414","53.817043","-1.594158","69.0","100.21025085449219","","3.5581","2012-07-23T06:40:49.000Z","","",""
"1","415","53.817017","-1.59395","72.5","101.9108657836914","","4.6737","2012-07-23T06:40:52.000Z","","",""
"1","416","53.816982","-1.593726","76.5","104.79105377197266","","5.0863","2012-07-23T06:40:55.000Z","","",""
"1","417","53.816963","-1.593534","79.19999694824219","99.48873901367188","","4.2759","2012-07-23T06:40:58.000Z","","",""
"1","418","53.816944","-1.593365","79.69999694824219","100.732421875","","5.6779","2012-07-23T06:41:00.000Z","","",""
"1","419","53.816933","-1.59321","79.30000305175781","96.8781967163086","","5.1115","2012-07-23T06:41:02.000Z","","",""
"1","420","53.81692","-1.593055","78.30000305175781","98.05152130126953","","5.1652","2012-07-23T06:41:04.000Z","","",""
"1","421","53.8169","-1.592883","77.30000305175781","101.07916259765625","","5.7919","2012-07-23T06:41:06.000Z","","",""
"1","422","53.81688","-1.592689","76.9000015258789","99.89754486083984","","6.4752","2012-07-23T06:41:08.000Z","","",""
"1","423","53.816864","-1.592474","76.69999694824219","97.18760681152344","","7.1165","2012-07-23T06:41:10.000Z","","",""
"1","424","53.816856","-1.592296","76.80000305175781","94.33350372314453","","5.8918","2012-07-23T06:41:12.000Z","","",""
"1","425","53.816853","-1.592119","77.69999694824219","91.6414794921875","","5.828","2012-07-23T06:41:14.000Z","","",""
"1","426","53.816853","-1.592019","78.4000015258789","89.99996185302734","","6.6258","2012-07-23T06:41:15.000Z","","",""
"1","427","53.816853","-1.591804","78.9000015258789","89.99991607666016","","7.0572","2012-07-23T06:41:17.000Z","","",""
"1","428","53.816853","-1.591586","77.9000015258789","89.99991607666016","","7.1989","2012-07-23T06:41:19.000Z","","",""
"1","429","53.816853","-1.59136","77.0999984741211","89.99990844726563","","7.4195","2012-07-23T06:41:21.000Z","","",""
"1","430","53.81686","-1.591156","76.5999984741211","86.6941909790039","","6.7556","2012-07-23T06:41:23.000Z","","",""
"1","431","53.816864","-1.590939","76.0999984741211","88.21077728271484","","7.1299","2012-07-23T06:41:25.000Z","","",""
"1","432","53.816864","-1.590743","76.5","89.99992370605469","","6.4579","2012-07-23T06:41:27.000Z","","",""
"1","433","53.816868","-1.590548","76.19999694824219","88.01153564453125","","6.4157","2012-07-23T06:41:29.000Z","","",""
"1","434","53.81685","-1.590336","75.5","98.16885375976563","","7.0497","2012-07-23T06:41:31.000Z","","",""
"1","435","53.81683","-1.590141","75.30000305175781","99.8279037475586","","6.5207","2012-07-23T06:41:33.000Z","","",""
"1","436","53.816826","-1.589904","75.5","91.630859375","","5.2141","2012-07-23T06:41:36.000Z","","",""
"1","437","53.81683","-1.589747","75.80000305175781","87.53618621826172","","5.1783","2012-07-23T06:41:38.000Z","","",""
"1","438","53.816803","-1.589618","75.69999694824219","109.5626220703125","","4.4875","2012-07-23T06:41:40.000Z","","",""
"1","439","53.816772","-1.589491","74.80000305175781","112.33644104003906","","0.9079","2012-07-23T06:41:50.000Z","","",""
"1","440","53.816658","-1.589373","72.9000015258789","148.5982208251953","","3.7164","2012-07-23T06:41:54.000Z","","",""
"1","441","53.8165","-1.589329","69.5999984741211","170.6212158203125","","5.9413","2012-07-23T06:41:57.000Z","","",""
"1","442","53.816387","-1.589315","69.4000015258789","175.71730041503906","","6.3061","2012-07-23T06:41:59.000Z","","",""
"1","443","53.816303","-1.589224","70.0999984741211","147.2798309326172","","5.5563","2012-07-23T06:42:01.000Z","","",""
"1","444","53.816246","-1.589104","71.5","128.75347900390625","","5.0675","2012-07-23T06:42:03.000Z","","",""
"1","445","53.816193","-1.588943","72.9000015258789","119.14727783203125","","6.0557","2012-07-23T06:42:05.000Z","","",""
"1","446","53.81614","-1.588767","74.30000305175781","116.99683380126953","","6.4975","2012-07-23T06:42:07.000Z","","",""
"1","447","53.816086","-1.588584","76.4000015258789","116.46544647216797","","6.7431","2012-07-23T06:42:09.000Z","","",""
"1","448","53.816025","-1.588377","77.5","116.48320770263672","","7.6125","2012-07-23T06:42:11.000Z","","",""
"1","449","53.815998","-1.588286","78.0","116.70435333251953","","6.6872","2012-07-23T06:42:12.000Z","","",""
"1","450","53.815968","-1.588187","78.19999694824219","117.02227020263672","","7.3493","2012-07-23T06:42:13.000Z","","",""
"1","451","53.815907","-1.58798","78.5999984741211","116.46106719970703","","7.6184","2012-07-23T06:42:15.000Z","","",""
"1","452","53.815838","-1.587775","79.0","119.6422119140625","","7.7639","2012-07-23T06:42:17.000Z","","",""
"1","453","53.815773","-1.587581","80.19999694824219","119.56856536865234","","7.3304","2012-07-23T06:42:19.000Z","","",""
"1","454","53.815712","-1.587401","81.80000305175781","119.70256042480469","","6.8511","2012-07-23T06:42:21.000Z","","",""
"1","455","53.815643","-1.587183","82.0999984741211","118.19511413574219","","8.1272","2012-07-23T06:42:23.000Z","","",""
"1","456","53.815605","-1.587068","82.0999984741211","119.22061157226563","","8.6638","2012-07-23T06:42:24.000Z","","",""
"1","457","53.815567","-1.586952","81.30000305175781","118.9674301147461","","8.7329","2012-07-23T06:42:25.000Z","","",""
"1","458","53.81553","-1.586838","80.5999984741211","118.7215805053711","","8.5696","2012-07-23T06:42:26.000Z","","",""
"1","459","53.81549","-1.586732","80.0999984741211","122.45116424560547","","8.2971","2012-07-23T06:42:27.000Z","","",""
"1","460","53.815453","-1.586624","79.5999984741211","120.11361694335938","","8.2081","2012-07-23T06:42:28.000Z","","",""
"1","461","53.815414","-1.58651","79.19999694824219","119.88041687011719","","8.713","2012-07-23T06:42:29.000Z","","",""
"1","462","53.815372","-1.586395","79.19999694824219","121.8150863647461","","8.8673","2012-07-23T06:42:30.000Z","","",""
"1","463","53.81533","-1.586281","79.0999984741211","121.81505584716797","","8.8673","2012-07-23T06:42:31.000Z","","",""
"1","464","53.815285","-1.586175","79.0999984741211","125.60368347167969","","8.6032","2012-07-23T06:42:32.000Z","","",""
"1","465","53.815247","-1.586071","78.5999984741211","121.69261932373047","","8.0506","2012-07-23T06:42:33.000Z","","",""
"1","466","53.81521","-1.585969","78.4000015258789","121.60761260986328","","7.8576","2012-07-23T06:42:34.000Z","","",""
"1","467","53.815174","-1.585877","78.0","123.5601577758789","","7.2481","2012-07-23T06:42:35.000Z","","",""
"1","468","53.815136","-1.585774","77.5999984741211","121.96553802490234","","7.989","2012-07-23T06:42:36.000Z","","",""
"1","469","53.815098","-1.585671","77.80000305175781","121.76656341552734","","8.0338","2012-07-23T06:42:37.000Z","","",""
"1","470","53.81502","-1.585459","77.0","121.90653991699219","","8.2128","2012-07-23T06:42:39.000Z","","",""
"1","471","53.814983","-1.585347","76.5","119.2812728881836","","8.4199","2012-07-23T06:42:40.000Z","","",""
"1","472","53.814945","-1.585239","75.69999694824219","120.66436004638672","","8.2929","2012-07-23T06:42:41.000Z","","",""
"1","473","53.814873","-1.585034","75.30000305175781","120.61536407470703","","7.8678","2012-07-23T06:42:43.000Z","","",""
"1","474","53.814835","-1.584927","75.4000015258789","121.18266296386719","","8.1686","2012-07-23T06:42:44.000Z","","",""
"1","475","53.814796","-1.584823","75.0999984741211","122.21263122558594","","8.143","2012-07-23T06:42:45.000Z","","",""
"1","476","53.81476","-1.584713","75.0999984741211","118.9437255859375","","8.2795","2012-07-23T06:42:46.000Z","","",""
"1","477","53.81472","-1.584605","75.30000305175781","122.16015625","","8.364","2012-07-23T06:42:47.000Z","","",""
"1","478","53.814682","-1.584501","75.0","121.59404754638672","","8.0731","2012-07-23T06:42:48.000Z","","",""
"1","479","53.814644","-1.584396","75.0999984741211","121.3749771118164","","8.1236","2012-07-23T06:42:49.000Z","","",""
"1","480","53.814568","-1.584192","75.4000015258789","122.21700286865234","","7.9333","2012-07-23T06:42:51.000Z","","",""
"1","481","53.81455","-1.584068","75.69999694824219","103.77140045166016","","8.416","2012-07-23T06:42:52.000Z","","",""
"1","482","53.81455","-1.583937","75.9000015258789","89.99994659423828","","8.6286","2012-07-23T06:42:53.000Z","","",""
"1","483","53.81455","-1.583822","75.5999984741211","89.99995422363281","","7.5813","2012-07-23T06:42:54.000Z","","",""
"1","484","53.814556","-1.583727","75.0","83.87620544433594","","6.2601","2012-07-23T06:42:55.000Z","","",""
"1","485","53.814568","-1.583573","73.0999984741211","82.50363159179688","","5.1188","2012-07-23T06:42:57.000Z","","",""
"1","486","53.814518","-1.583393","71.5999984741211","115.18148040771484","","6.5396","2012-07-23T06:42:59.000Z","","",""
"1","487","53.81442","-1.583251","70.69999694824219","139.26776123046875","","7.1972","2012-07-23T06:43:01.000Z","","",""
"1","488","53.814304","-1.583117","70.30000305175781","145.7423858642578","","7.8105","2012-07-23T06:43:03.000Z","","",""
"1","489","53.814186","-1.582993","70.30000305175781","148.1646270751953","","7.7296","2012-07-23T06:43:05.000Z","","",""
"1","490","53.81412","-1.582926","70.5999984741211","148.9664764404297","","8.573","2012-07-23T06:43:06.000Z","","",""
"1","491","53.814056","-1.582864","70.9000015258789","150.17430114746094","","8.2109","2012-07-23T06:43:07.000Z","","",""
"1","492","53.813984","-1.58279","70.30000305175781","148.55328369140625","","9.3933","2012-07-23T06:43:08.000Z","","",""
"1","493","53.81392","-1.582716","69.9000015258789","145.65362548828125","","8.6276","2012-07-23T06:43:09.000Z","","",""
"1","494","53.813847","-1.582636","69.19999694824219","147.10018920898438","","9.677","2012-07-23T06:43:10.000Z","","",""
"1","495","53.813786","-1.582551","68.5999984741211","140.45664978027344","","8.8043","2012-07-23T06:43:11.000Z","","",""
"1","496","53.81373","-1.58246","67.80000305175781","136.02503967285156","","8.6611","2012-07-23T06:43:12.000Z","","",""
"1","497","53.813683","-1.582325","67.0999984741211","120.54206085205078","","10.2941","2012-07-23T06:43:13.000Z","","",""
"1","498","53.813637","-1.582189","66.80000305175781","119.74947357177734","","10.318","2012-07-23T06:43:14.000Z","","",""
"1","499","53.813595","-1.582051","66.4000015258789","117.14813995361328","","10.2449","2012-07-23T06:43:15.000Z","","",""
"1","500","53.81355","-1.581902","66.30000305175781","117.03646850585938","","11.0185","2012-07-23T06:43:16.000Z","","",""
"1","501","53.8135","-1.581748","66.0","118.71870422363281","","11.5816","2012-07-23T06:43:17.000Z","","",""
"1","502","53.81346","-1.581615","65.30000305175781","116.99172973632813","","9.8093","2012-07-23T06:43:18.000Z","","",""
"1","503","53.81342","-1.581477","64.69999694824219","116.09475708007813","","10.1216","2012-07-23T06:43:19.000Z","","",""
"1","504","53.813316","-1.581155","64.69999694824219","118.6236801147461","","12.0814","2012-07-23T06:43:21.000Z","","",""
"1","505","53.813236","-1.580858","64.80000305175781","114.4434585571289","","10.759","2012-07-23T06:43:23.000Z","","",""
"1","506","53.813187","-1.580689","64.9000015258789","116.12813568115234","","12.3842","2012-07-23T06:43:24.000Z","","",""
"1","507","53.813145","-1.580537","65.0999984741211","115.05681610107422","","11.0377","2012-07-23T06:43:25.000Z","","",""
"1","508","53.8131","-1.580399","66.0999984741211","118.8197021484375","","10.39","2012-07-23T06:43:26.000Z","","",""
"1","509","53.813057","-1.580267","66.19999694824219","118.79364013671875","","9.9365","2012-07-23T06:43:27.000Z","","",""
"1","510","53.812965","-1.580025","65.9000015258789","122.81283569335938","","9.448","2012-07-23T06:43:29.000Z","","",""
"1","511","53.812866","-1.579789","65.9000015258789","125.31849670410156","","9.5299","2012-07-23T06:43:31.000Z","","",""
"1","512","53.81281","-1.579647","66.19999694824219","123.6968994140625","","11.2345","2012-07-23T06:43:32.000Z","","",""
"1","513","53.812748","-1.579508","66.0999984741211","126.84698486328125","","11.5073","2012-07-23T06:43:33.000Z","","",""
"1","514","53.812626","-1.579243","64.5999984741211","127.9215087890625","","11.0472","2012-07-23T06:43:35.000Z","","",""
"1","515","53.81246","-1.579053","63.20000076293945","145.81703186035156","","11.1672","2012-07-23T06:43:37.000Z","","",""
"1","516","53.812378","-1.57897","62.400001525878906","149.35153198242188","","10.6086","2012-07-23T06:43:38.000Z","","",""
"1","517","53.812286","-1.578886","61.29999923706055","151.55807495117188","","11.6453","2012-07-23T06:43:39.000Z","","",""
"1","518","53.8122","-1.578825","60.29999923706055","157.1613006591797","","10.3862","2012-07-23T06:43:40.000Z","","",""
"1","519","53.8121","-1.578802","59.0","172.2485809326172","","11.2328","2012-07-23T06:43:41.000Z","","",""
"1","520","53.811996","-1.578782","57.900001525878906","173.63575744628906","","11.6471","2012-07-23T06:43:42.000Z","","",""
"1","521","53.811893","-1.578774","56.599998474121094","177.07254028320313","","11.479","2012-07-23T06:43:43.000Z","","",""
"1","522","53.811794","-1.578774","55.20000076293945","180.17124938964844","","11.0189","2012-07-23T06:43:44.000Z","","",""
"1","523","53.811707","-1.578807","54.0","192.76365661621094","","9.9286","2012-07-23T06:43:45.000Z","","",""
"1","524","53.81163","-1.578837","52.79999923706055","193.0262908935547","","8.7966","2012-07-23T06:43:46.000Z","","",""
"1","525","53.81151","-1.578898","50.70000076293945","196.5362548828125","","6.9662","2012-07-23T06:43:48.000Z","","",""
"1","526","53.8114","-1.578948","49.20000076293945","195.20057678222656","","6.3435","2012-07-23T06:43:50.000Z","","",""
"1","527","53.81129","-1.578989","50.099998474121094","192.38099670410156","","6.2673","2012-07-23T06:43:52.000Z","","",""
"1","528","53.81115","-1.579055","51.400001525878906","195.6793975830078","","5.3948","2012-07-23T06:43:55.000Z","","",""
"1","529","53.81104","-1.579133","52.5","202.6612548828125","","6.6337","2012-07-23T06:43:57.000Z","","",""
"1","530","53.81095","-1.579223","53.20000076293945","210.6466064453125","","5.8217","2012-07-23T06:43:59.000Z","","",""
"1","531","53.810863","-1.579313","53.5","211.5902557373047","","5.6839","2012-07-23T06:44:01.000Z","","",""
"1","532","53.810772","-1.579382","55.0","203.9510955810547","","5.5414","2012-07-23T06:44:03.000Z","","",""
"1","533","53.810658","-1.579443","56.29999923706055","197.57235717773438","","6.6547","2012-07-23T06:44:05.000Z","","",""
"1","534","53.810547","-1.579493","56.20000076293945","195.0417022705078","","6.3964","2012-07-23T06:44:07.000Z","","",""
"1","535","53.810436","-1.579545","56.29999923706055","195.52499389648438","","6.4111","2012-07-23T06:44:09.000Z","","",""
"1","536","53.810326","-1.579606","56.29999923706055","198.22581481933594","","6.4449","2012-07-23T06:44:11.000Z","","",""
"1","537","53.810253","-1.579463","54.79999923706055","130.759033203125","","4.1483","2012-07-23T06:44:14.000Z","","",""
"1","538","53.810253","-1.579193","55.599998474121094","89.99989318847656","","5.9462","2012-07-23T06:44:17.000Z","","",""
"1","539","53.810276","-1.578981","56.0","79.59806060791016","","7.0892","2012-07-23T06:44:19.000Z","","",""
"1","540","53.810295","-1.578739","57.29999923706055","82.4402847290039","","8.0373","2012-07-23T06:44:21.000Z","","",""
"1","541","53.81031","-1.578525","56.70000076293945","83.23321533203125","","7.0846","2012-07-23T06:44:23.000Z","","",""
"1","542","53.810326","-1.578304","56.0","83.02581024169922","","7.3333","2012-07-23T06:44:25.000Z","","",""
"1","543","53.810333","-1.578092","55.5","86.81421661376953","","7.0099","2012-07-23T06:44:27.000Z","","",""
"1","544","53.81034","-1.577889","55.20000076293945","86.65725708007813","","6.6811","2012-07-23T06:44:29.000Z","","",""
"1","545","53.810352","-1.57768","55.20000076293945","84.4667739868164","","6.9259","2012-07-23T06:44:31.000Z","","",""
"1","546","53.81036","-1.577558","55.599998474121094","83.67250061035156","","8.0792","2012-07-23T06:44:32.000Z","","",""
"1","547","53.810364","-1.577337","55.29999923706055","88.25064086914063","","7.2923","2012-07-23T06:44:34.000Z","","",""
"1","548","53.810364","-1.577126","55.599998474121094","89.99991607666016","","6.9562","2012-07-23T06:44:36.000Z","","",""
"1","549","53.810368","-1.576912","57.0","88.18931579589844","","7.0454","2012-07-23T06:44:38.000Z","","",""
"1","550","53.81037","-1.576706","58.400001525878906","89.06147766113281","","6.7958","2012-07-23T06:44:40.000Z","","",""
"1","551","53.810387","-1.576514","60.0","81.48707580566406","","6.391","2012-07-23T06:44:42.000Z","","",""
"1","552","53.81042","-1.576299","60.400001525878906","75.4482650756836","","7.3093","2012-07-23T06:44:44.000Z","","",""
"1","553","53.810463","-1.576098","59.099998474121094","70.08120727539063","","7.024","2012-07-23T06:44:46.000Z","","",""
"1","554","53.81051","-1.575929","58.79999923706055","64.85730743408203","","6.1562","2012-07-23T06:44:48.000Z","","",""
"1","555","53.81053","-1.575846","59.0","67.99050903320313","","5.9399","2012-07-23T06:44:49.000Z","","",""
"1","556","53.81056","-1.575755","59.099998474121094","60.74680709838867","","6.8329","2012-07-23T06:44:50.000Z","","",""
"1","557","53.81059","-1.57566","59.400001525878906","61.86679458618164","","7.0814","2012-07-23T06:44:51.000Z","","",""
"1","558","53.810623","-1.575566","59.900001525878906","59.37822723388672","","7.2108","2012-07-23T06:44:52.000Z","","",""
"1","559","53.81065","-1.575478","60.5","62.70326614379883","","6.5529","2012-07-23T06:44:53.000Z","","",""
"1","560","53.81068","-1.575374","60.5","64.01555633544922","","0.6928","2012-07-23T06:45:04.000Z","","",""
"1","561","53.810726","-1.57522","59.79999923706055","63.234928131103516","","1.0336","2012-07-23T06:45:15.000Z","","",""
"1","562","53.810757","-1.575014","60.0","75.70722198486328","","6.988","2012-07-23T06:45:17.000Z","","",""
"1","563","53.810787","-1.574854","60.29999923706055","72.45220184326172","","5.5374","2012-07-23T06:45:19.000Z","","",""
"1","564","53.810833","-1.574677","59.5","66.28094482421875","","6.364","2012-07-23T06:45:21.000Z","","",""
"1","565","53.810883","-1.574461","58.599998474121094","68.57520294189453","","7.6176","2012-07-23T06:45:23.000Z","","",""
"1","566","53.810932","-1.574253","57.900001525878906","68.3519287109375","","7.3919","2012-07-23T06:45:25.000Z","","",""
"1","567","53.810955","-1.574163","57.5","66.66846466064453","","6.4637","2012-07-23T06:45:26.000Z","","",""
"1","568","53.810978","-1.574074","57.29999923706055","66.43501281738281","","6.4032","2012-07-23T06:45:27.000Z","","",""
"1","569","53.811005","-1.573988","56.900001525878906","61.86097717285156","","6.3721","2012-07-23T06:45:28.000Z","","",""
"1","570","53.811035","-1.573894","56.70000076293945","61.7403678894043","","7.0523","2012-07-23T06:45:29.000Z","","",""
"1","571","53.81106","-1.573798","56.70000076293945","66.20571899414063","","6.8968","2012-07-23T06:45:30.000Z","","",""
"1","572","53.811092","-1.573693","57.29999923706055","62.90875244140625","","7.8208","2012-07-23T06:45:31.000Z","","",""
"1","573","53.811123","-1.573599","57.400001525878906","60.68977737426758","","7.0482","2012-07-23T06:45:32.000Z","","",""
"1","574","53.811153","-1.573502","57.599998474121094","62.50621795654297","","7.2328","2012-07-23T06:45:33.000Z","","",""
"1","575","53.811184","-1.573399","57.20000076293945","62.999874114990234","","7.6","2012-07-23T06:45:34.000Z","","",""
"1","576","53.811214","-1.573309","57.400001525878906","60.66524124145508","","6.8156","2012-07-23T06:45:35.000Z","","",""
"1","577","53.81124","-1.573226","57.400001525878906","61.96470642089844","","6.1569","2012-07-23T06:45:36.000Z","","",""
"1","578","53.8113","-1.573046","57.29999923706055","60.62441635131836","","6.807","2012-07-23T06:45:38.000Z","","",""
"1","579","53.811356","-1.572861","57.900001525878906","62.961856842041016","","6.8556","2012-07-23T06:45:40.000Z","","",""
"1","580","53.811382","-1.572772","58.099998474121094","63.77954864501953","","6.5497","2012-07-23T06:45:41.000Z","","",""
"1","581","53.811413","-1.572679","58.5","60.42531204223633","","6.9908","2012-07-23T06:45:42.000Z","","",""
"1","582","53.81144","-1.572586","58.5","63.84537124633789","","6.8176","2012-07-23T06:45:43.000Z","","",""
"1","583","53.811466","-1.572495","58.79999923706055","64.27965545654297","","6.6682","2012-07-23T06:45:44.000Z","","",""
"1","584","53.8115","-1.572402","58.900001525878906","58.43232345581055","","7.2287","2012-07-23T06:45:45.000Z","","",""
"1","585","53.811527","-1.572311","58.70000076293945","63.272666931152344","","6.6819","2012-07-23T06:45:46.000Z","","",""
"1","586","53.81155","-1.572223","58.0","66.29252624511719","","6.3669","2012-07-23T06:45:47.000Z","","",""
"1","587","53.811577","-1.572129","57.20000076293945","63.99094772338867","","6.853","2012-07-23T06:45:48.000Z","","",""
"1","588","53.811604","-1.572033","56.79999923706055","64.65113830566406","","7.0193","2012-07-23T06:45:49.000Z","","",""
"1","589","53.81163","-1.571929","57.0","66.98075866699219","","7.4004","2012-07-23T06:45:50.000Z","","",""
"1","590","53.811657","-1.57183","57.29999923706055","65.3464126586914","","7.2043","2012-07-23T06:45:51.000Z","","",""
"1","591","53.811687","-1.571728","57.70000076293945","63.506900787353516","","7.4851","2012-07-23T06:45:52.000Z","","",""
"1","592","53.811714","-1.571636","58.0","63.722679138183594","","6.788","2012-07-23T06:45:53.000Z","","",""
"1","593","53.811737","-1.571542","58.599998474121094","67.5166244506836","","6.6941","2012-07-23T06:45:54.000Z","","",""
"1","594","53.811764","-1.57145","58.5","63.722652435302734","","6.788","2012-07-23T06:45:55.000Z","","",""
"1","595","53.81179","-1.571355","58.599998474121094","65.04369354248047","","6.8586","2012-07-23T06:45:56.000Z","","",""
"1","596","53.811813","-1.571271","58.099998474121094","65.22415924072266","","6.1086","2012-07-23T06:45:57.000Z","","",""
"1","597","53.811836","-1.571174","57.70000076293945","68.08474731445313","","6.8588","2012-07-23T06:45:58.000Z","","",""
"1","598","53.81186","-1.571081","57.70000076293945","66.59746551513672","","6.7254","2012-07-23T06:45:59.000Z","","",""
"1","599","53.81188","-1.570985","57.599998474121094","70.53192138671875","","6.6791","2012-07-23T06:46:00.000Z","","",""
"1","600","53.811897","-1.570888","57.79999923706055","73.53641510009766","","6.6764","2012-07-23T06:46:01.000Z","","",""
"1","601","53.81192","-1.570801","57.70000076293945","65.85590362548828","","6.2585","2012-07-23T06:46:02.000Z","","",""
"1","602","53.81195","-1.570708","57.099998474121094","61.35501480102539","","6.9653","2012-07-23T06:46:03.000Z","","",""
"1","603","53.811977","-1.57061","56.400001525878906","65.1480941772461","","7.1504","2012-07-23T06:46:04.000Z","","",""
"1","604","53.812008","-1.570519","55.599998474121094","60.1020393371582","","6.9221","2012-07-23T06:46:05.000Z","","",""
"1","605","53.812035","-1.570435","55.29999923706055","61.34919738769531","","6.2676","2012-07-23T06:46:06.000Z","","",""
"1","606","53.81209","-1.570251","56.599998474121094","63.2279167175293","","6.7951","2012-07-23T06:46:08.000Z","","",""
"1","607","53.812145","-1.570092","58.099998474121094","59.66280746459961","","6.0599","2012-07-23T06:46:10.000Z","","",""
"1","608","53.81219","-1.56993","58.400001525878906","64.8700180053711","","5.897","2012-07-23T06:46:12.000Z","","",""
"1","609","53.812233","-1.569754","57.79999923706055","67.59083557128906","","6.2772","2012-07-23T06:46:14.000Z","","",""
"1","610","53.812275","-1.569589","58.70000076293945","66.77741241455078","","5.9278","2012-07-23T06:46:16.000Z","","",""
"1","611","53.812313","-1.569416","60.29999923706055","69.62677001953125","","6.0745","2012-07-23T06:46:18.000Z","","",""
"1","612","53.812344","-1.569263","60.79999923706055","71.10086059570313","","5.3262","2012-07-23T06:46:20.000Z","","",""
"1","613","53.812317","-1.56911","62.099998474121094","106.61389923095703","","5.2552","2012-07-23T06:46:22.000Z","","",""
"1","614","53.81224","-1.569041","62.099998474121094","152.13031005859375","","4.8473","2012-07-23T06:46:24.000Z","","",""
"1","615","53.81217","-1.569056","62.29999923706055","187.08453369140625","","7.851","2012-07-23T06:46:25.000Z","","",""
"1","616","53.81209","-1.569076","62.400001525878906","188.49911499023438","","9.003","2012-07-23T06:46:26.000Z","","",""
"1","617","53.81201","-1.5691","62.79999923706055","189.90335083007813","","9.0388","2012-07-23T06:46:27.000Z","","",""
"1","618","53.811943","-1.569129","63.20000076293945","194.70005798339844","","7.7096","2012-07-23T06:46:28.000Z","","",""
"1","619","53.81187","-1.569158","63.0","193.31846618652344","","8.3496","2012-07-23T06:46:29.000Z","","",""
"1","620","53.811756","-1.569207","62.900001525878906","194.04856872558594","","6.5398","2012-07-23T06:46:31.000Z","","",""
"1","621","53.81164","-1.569252","62.70000076293945","192.9859161376953","","6.6249","2012-07-23T06:46:33.000Z","","",""
"1","622","53.811535","-1.569292","62.0","192.88967895507813","","5.9944","2012-07-23T06:46:35.000Z","","",""
"1","623","53.811424","-1.569338","62.5","193.7805633544922","","6.3603","2012-07-23T06:46:37.000Z","","",""
"1","624","53.811317","-1.569386","63.79999923706055","194.7206268310547","","6.1567","2012-07-23T06:46:39.000Z","","",""
"1","625","53.81119","-1.569425","64.0999984741211","190.2232208251953","","7.1817","2012-07-23T06:46:41.000Z","","",""
"1","626","53.811123","-1.569442","64.4000015258789","188.83688354492188","","7.5468","2012-07-23T06:46:42.000Z","","",""
"1","627","53.811058","-1.569456","64.30000305175781","187.0076446533203","","7.289","2012-07-23T06:46:43.000Z","","",""
"1","628","53.810993","-1.569466","64.5","185.35772705078125","","7.2663","2012-07-23T06:46:44.000Z","","",""
"1","629","53.810936","-1.569477","64.4000015258789","186.7505645751953","","6.3885","2012-07-23T06:46:45.000Z","","",""
"1","630","53.81088","-1.569493","64.4000015258789","189.3031463623047","","6.316","2012-07-23T06:46:46.000Z","","",""
"1","631","53.810818","-1.569511","64.5999984741211","189.802734375","","7.0029","2012-07-23T06:46:47.000Z","","",""
"1","632","53.810642","-1.569573","65.80000305175781","191.72149658203125","","6.6688","2012-07-23T06:46:50.000Z","","",""
"1","633","53.81055","-1.569589","65.69999694824219","185.9132080078125","","5.1473","2012-07-23T06:46:52.000Z","","",""
"1","634","53.810486","-1.569477","64.9000015258789","133.9178924560547","","3.4232","2012-07-23T06:46:55.000Z","","",""
"1","635","53.810493","-1.569252","65.5999984741211","86.98416137695313","","7.4045","2012-07-23T06:46:57.000Z","","",""
"1","636","53.810486","-1.56906","66.5","93.52678680419922","","6.3325","2012-07-23T06:46:59.000Z","","",""
"1","637","53.81047","-1.568888","66.30000305175781","98.9068374633789","","5.7509","2012-07-23T06:47:01.000Z","","",""
"1","638","53.810455","-1.568728","65.5999984741211","99.01203918457031","","5.3291","2012-07-23T06:47:03.000Z","","",""
"1","639","53.81044","-1.568586","65.5999984741211","100.140625","","4.7412","2012-07-23T06:47:05.000Z","","",""
"1","640","53.810432","-1.568461","65.69999694824219","96.16193389892578","","4.1476","2012-07-23T06:47:07.000Z","","",""
"1","641","53.810417","-1.568326","65.9000015258789","100.65583038330078","","4.5144","2012-07-23T06:47:09.000Z","","",""
"1","642","53.810394","-1.568201","66.0","107.2440185546875","","4.3178","2012-07-23T06:47:11.000Z","","",""
"1","643","53.8104","-1.568047","66.4000015258789","86.23117065429688","","3.3866","2012-07-23T06:47:14.000Z","","",""
"1","644","53.81036","-1.567882","67.30000305175781","112.28643798828125","","2.9349","2012-07-23T06:47:18.000Z","","",""
"1","645","53.810337","-1.56775","68.30000305175781","106.39285278320313","","3.0235","2012-07-23T06:47:21.000Z","","",""
"1","646","53.810314","-1.567627","69.4000015258789","107.50694274902344","","2.8366","2012-07-23T06:47:24.000Z","","",""
"1","647","53.81029","-1.567536","70.0999984741211","114.0653305053711","","3.2753","2012-07-23T06:47:26.000Z","","",""
"1","648","53.81028","-1.567424","71.0","98.60155487060547","","3.7209","2012-07-23T06:47:28.000Z","","",""
"1","649","53.810272","-1.567294","72.19999694824219","95.9315185546875","","2.8721","2012-07-23T06:47:31.000Z","","",""
"1","650","53.810238","-1.567163","73.19999694824219","113.58257293701172","","3.153","2012-07-23T06:47:34.000Z","","",""
"1","651","53.810215","-1.567033","73.80000305175781","106.67943572998047","","4.4595","2012-07-23T06:47:36.000Z","","",""
"1","652","53.810204","-1.566871","74.5999984741211","96.54070281982422","","3.5827","2012-07-23T06:47:39.000Z","","",""
"1","653","53.8102","-1.566741","75.30000305175781","92.97369384765625","","2.8606","2012-07-23T06:47:42.000Z","","",""
"1","654","53.81018","-1.566614","76.0999984741211","104.92252349853516","","2.8814","2012-07-23T06:47:45.000Z","","",""
"1","655","53.810177","-1.56646","76.80000305175781","91.88512420654297","","3.3833","2012-07-23T06:47:48.000Z","","",""
"1","656","53.81017","-1.566317","77.30000305175781","94.71163177490234","","3.1616","2012-07-23T06:47:51.000Z","","",""
"1","657","53.810146","-1.566142","77.9000015258789","103.11131286621094","","3.9252","2012-07-23T06:47:54.000Z","","",""
"1","658","53.810127","-1.566044","78.30000305175781","108.05157470703125","","3.4122","2012-07-23T06:47:56.000Z","","",""
"1","659","53.810112","-1.565951","78.5","105.29098510742188","","3.1653","2012-07-23T06:47:58.000Z","","",""
"1","660","53.810085","-1.565793","78.5999984741211","106.07609558105469","","2.1704","2012-07-23T06:48:03.000Z","","",""
"1","661","53.81006","-1.56562","78.69999694824219","103.7286605834961","","2.9311","2012-07-23T06:48:07.000Z","","",""
"1","662","53.810074","-1.565456","79.0","81.80232238769531","","3.6427","2012-07-23T06:48:10.000Z","","",""
"1","663","53.810093","-1.565322","79.4000015258789","76.4787826538086","","3.015","2012-07-23T06:48:13.000Z","","",""
"1","664","53.810097","-1.565186","79.5999984741211","87.15290832519531","","2.9878","2012-07-23T06:48:16.000Z","","",""
"1","665","53.810085","-1.565023","80.0999984741211","97.05192565917969","","2.7198","2012-07-23T06:48:20.000Z","","",""
"1","666","53.81006","-1.564909","80.30000305175781","110.41329193115234","","2.6592","2012-07-23T06:48:23.000Z","","",""
"1","667","53.810013","-1.564723","80.5999984741211","113.14201354980469","","4.4368","2012-07-23T06:48:26.000Z","","",""
"1","668","53.809963","-1.564519","80.9000015258789","112.48542785644531","","4.8504","2012-07-23T06:48:29.000Z","","",""
"1","669","53.80991","-1.564343","81.0999984741211","116.9802017211914","","6.5012","2012-07-23T06:48:31.000Z","","",""
"1","670","53.809837","-1.564137","81.19999694824219","120.8984603881836","","5.2741","2012-07-23T06:48:34.000Z","","",""
"1","671","53.80979","-1.563999","81.4000015258789","119.84635162353516","","5.2556","2012-07-23T06:48:36.000Z","","",""
"1","672","53.809734","-1.563843","81.69999694824219","121.28665924072266","","6.001","2012-07-23T06:48:38.000Z","","",""
"1","673","53.809673","-1.563706","81.9000015258789","126.91405487060547","","5.652","2012-07-23T06:48:40.000Z","","",""
"1","674","53.809593","-1.563521","82.4000015258789","126.16790008544922","","5.0293","2012-07-23T06:48:43.000Z","","",""
"1","675","53.809525","-1.563364","82.9000015258789","126.248779296875","","4.2666","2012-07-23T06:48:46.000Z","","",""
"1","676","53.80948","-1.563255","83.19999694824219","124.7497329711914","","4.3935","2012-07-23T06:48:48.000Z","","",""
"1","677","53.809433","-1.563126","83.5","121.77518463134766","","4.967","2012-07-23T06:48:50.000Z","","",""
"1","678","53.809376","-1.56296","83.9000015258789","120.03084564208984","","6.3383","2012-07-23T06:48:52.000Z","","",""
"1","679","53.809303","-1.562816","87.0","130.62017822265625","","6.24","2012-07-23T06:48:54.000Z","","",""
"1","680","53.80923","-1.562642","88.5999984741211","125.3462905883789","","7.0223","2012-07-23T06:48:56.000Z","","",""
"1","681","53.80916","-1.562508","90.0","131.3262176513672","","5.8993","2012-07-23T06:48:58.000Z","","",""
"1","682","53.80908","-1.562367","90.9000015258789","133.91183471679688","","6.4192","2012-07-23T06:49:00.000Z","","",""
"1","683","53.80901","-1.562234","91.80000305175781","131.49569702148438","","5.8795","2012-07-23T06:49:02.000Z","","",""
"1","684","53.80897","-1.562108","90.9000015258789","118.28373718261719","","4.6979","2012-07-23T06:49:04.000Z","","",""
"1","685","53.808937","-1.561967","89.80000305175781","111.61708068847656","","4.985","2012-07-23T06:49:06.000Z","","",""
"1","686","53.808907","-1.561847","88.80000305175781","112.8134765625","","4.3059","2012-07-23T06:49:08.000Z","","",""
"1","687","53.808865","-1.561727","88.0","120.55602264404297","","4.5976","2012-07-23T06:49:10.000Z","","",""
"1","688","53.80883","-1.561601","87.30000305175781","115.30004119873047","","4.5577","2012-07-23T06:49:12.000Z","","",""
"1","689","53.8088","-1.561485","87.19999694824219","113.58505249023438","","4.1726","2012-07-23T06:49:14.000Z","","",""
"1","690","53.808777","-1.561368","87.19999694824219","108.27114868164063","","4.0826","2012-07-23T06:49:16.000Z","","",""
"1","691","53.808754","-1.561216","86.80000305175781","104.37711334228516","","5.1548","2012-07-23T06:49:18.000Z","","",""
"1","692","53.808727","-1.561056","86.80000305175781","105.95133972167969","","5.4674","2012-07-23T06:49:20.000Z","","",""
"1","693","53.808693","-1.560905","86.9000015258789","110.79051208496094","","5.3306","2012-07-23T06:49:22.000Z","","",""
"1","694","53.808643","-1.560749","87.0","118.34457397460938","","5.8608","2012-07-23T06:49:24.000Z","","",""
"1","695","53.80858","-1.560587","87.0","123.43710327148438","","6.3627","2012-07-23T06:49:26.000Z","","",""
"1","696","53.808517","-1.56046","86.5","129.92276000976563","","5.4631","2012-07-23T06:49:28.000Z","","",""
"1","697","53.808456","-1.560355","86.5999984741211","134.35752868652344","","4.8556","2012-07-23T06:49:30.000Z","","",""
"1","698","53.8084","-1.56022","87.5","125.1446533203125","","5.4138","2012-07-23T06:49:32.000Z","","",""
"1","699","53.808342","-1.560067","87.69999694824219","122.65574645996094","","5.9818","2012-07-23T06:49:34.000Z","","",""
"1","700","53.80828","-1.559922","88.5","125.71434783935547","","5.9107","2012-07-23T06:49:36.000Z","","",""
"1","701","53.8082","-1.559768","89.19999694824219","131.38372802734375","","6.7343","2012-07-23T06:49:38.000Z","","",""
"1","702","53.80813","-1.559623","90.30000305175781","129.16326904296875","","6.1684","2012-07-23T06:49:40.000Z","","",""
"1","703","53.808098","-1.55944","91.30000305175781","106.4335708618164","","6.2948","2012-07-23T06:49:42.000Z","","",""
"1","704","53.80808","-1.559278","91.9000015258789","100.65780639648438","","5.4163","2012-07-23T06:49:44.000Z","","",""
"1","705","53.808056","-1.559108","92.4000015258789","103.3700942993164","","5.7759","2012-07-23T06:49:46.000Z","","",""
"1","706","53.80803","-1.55894","93.5","104.67837524414063","","5.7102","2012-07-23T06:49:48.000Z","","",""
"1","707","53.808002","-1.5588","94.19999694824219","108.73262786865234","","4.852","2012-07-23T06:49:50.000Z","","",""
"1","708","53.807976","-1.558645","94.5","105.74571990966797","","5.3319","2012-07-23T06:49:52.000Z","","",""
"1","709","53.807945","-1.558479","95.5999984741211","107.55087280273438","","5.7209","2012-07-23T06:49:54.000Z","","",""
"1","710","53.80792","-1.558273","94.69999694824219","101.60366821289063","","6.9168","2012-07-23T06:49:56.000Z","","",""
"1","711","53.80787","-1.557976","92.9000015258789","105.86211395263672","","6.7869","2012-07-23T06:49:59.000Z","","",""
"1","712","53.80783","-1.557778","92.69999694824219","108.8367691040039","","6.8944","2012-07-23T06:50:01.000Z","","",""
"1","713","53.8078","-1.557569","92.0","103.64440155029297","","7.0773","2012-07-23T06:50:03.000Z","","",""
"1","714","53.807766","-1.557368","92.9000015258789","105.97193908691406","","6.8763","2012-07-23T06:50:05.000Z","","",""
"1","715","53.807735","-1.557161","94.0","104.1791763305664","","7.0428","2012-07-23T06:50:07.000Z","","",""
"1","716","53.807697","-1.556963","92.80000305175781","107.99076080322266","","6.8468","2012-07-23T06:50:09.000Z","","",""
